header:
  seq: 5542
  stamp:
    secs: 1777441027
    nsecs: 304213864
  frame_id: "Scepter_depth_frame"
height: 480
width: 640
distortion_model: "plumb_bob"
D: [-0.17491581767203898, -0.11578541098727767, -0.00032958559837569125, 0.0002573209013634681, -0.22759862472105347]
K: [478.31280517578125, 0.0, 321.71996433120876, 0.0, 507.28314208984375, 256.08270934084794, 0.0, 0.0, 1.0]
R: [1.0, 0.0, 0.0, 0.0, 1.0, 0.0, 0.0, 0.0, 1.0]
P: [478.31280517578125, 0.0, 321.71996433120876, 0.0, 0.0, 507.28314208984375, 256.08270934084794, 0.0, 0.0, 0.0, 1.0, 0.0]
binning_x: 0
binning_y: 0
roi:
  x_offset: 0
  y_offset: 0
  height: 0
  width: 0
  do_rectify: False