header:
  seq: 5540
  stamp:
    secs: 1777441026
    nsecs: 914433013
  frame_id: "Scepter_color_frame"
height: 480
width: 640
distortion_model: "plumb_bob"
D: [0.009313309943624842, -0.06291465613310773, 0.00029859255725979807, -0.0006765305411759654, 0.012716331830853925]
K: [442.763916015625, 0.0, 317.3773334278085, 0.0, 447.4736328125, 237.63077783986228, 0.0, 0.0, 1.0]
R: [1.0, 0.0, 0.0, 0.0, 1.0, 0.0, 0.0, 0.0, 1.0]
P: [442.763916015625, 0.0, 317.3773334278085, 0.0, 0.0, 447.4736328125, 237.63077783986228, 0.0, 0.0, 0.0, 1.0, 0.0]
binning_x: 0
binning_y: 0
roi:
  x_offset: 0
  y_offset: 0
  height: 0
  width: 0
  do_rectify: False