# orbbec 336L camera_calibration.yaml
# camera_matrix: [366.8259582519531, 0.0, 320.1683349609375, 0.0, 366.9964294433594, 239.4672088623047, 0.0, 0.0, 1.0]
# distortion_coefficients:  [-0.03185774385929108, 0.03456062078475952, -0.00028845510678365827, -0.0006540704052895308, -0.01191245298832655]
# Scepter camera
camera_matrix: [443.35748291015625, 0.0, 332.37440669583884, 0.0, 449.0870056152344, 242.11026901013247, 0.0, 0.0, 1.0]
distortion_coefficients: [0.0024121877589735135, -0.002621955951735927, 6.811363257566548e-05, 0.0018563935446091657, 0.06576196019406884]
Topics:
  camera_pointcloud_topic: "/Scepter/depthCloudPoint/cloud_points"
  self_image_topic: "/self_defination/image"
image_width: 640
image_height: 480

plane_threshold: 0.003